1 -- 2,19,6,23
2 -- 1,19,16,3,8,6
3 -- 2,16,15,4,7
4 -- 3,12,15,5,7
5 -- 4,12,7
6 -- 1,9,2,8,10,23
7 -- 8,3,4,5
8 -- 2,9,6,7
9 -- 6,26,10,8
10 -- 26,25,6,23,29,9
11 -- 12,15
12 -- 11,15,4,5
13 -- 15,16,17,14
14 -- 17,18,20,19,16,13
15 -- 11,12,13,16,3,4
16 -- 13,15,3,2,19,14
17 -- 13,14,18
18 -- 17,21,20,14
19 -- 14,20,23,1,2,16
20 -- 18,21,24,23,19,14
21 -- 39,24,20,18
22 -- 31,30,34,35,29
23 -- 10,29,28,24,20,19,1,6
24 -- 27,39,21,20,23,28
25 -- 30,26,10,29
26 -- 25,10,9
27 -- 39,32,28,24
28 -- 27,32,37,36,29,24,23
29 -- 28,36,35,22,30,25,10,23
30 -- 31,22,29,25
31 -- 30,22
32 -- 39,33,37,28,27
33 -- 38,32,37,36
34 -- 35,22
35 -- 36,29,34,22
36 -- 37,28,35,29
37 -- 36,33,32,28
38 -- 40,33
39 -- 21,24,27,32
40 -- 38