0 1 18 5 22
1 0 18 15 2 7 5
2 1 15 14 3 6
3 2 11 14 4 6
4 3 11 6
5 0 8 1 7 9 22
6 7 2 3 4
7 1 8 5 6
8 5 25 9 7
9 25 24 5 22 28 8
10 11 14
11 10 14 3 4
12 14 15 16 13
13 16 17 19 18 15 12
14 10 11 12 15 2 3
15 12 14 2 1 18 13
16 12 13 17
17 16 20 19 13
18 13 19 22 0 1 15
19 17 20 23 22 18 13
20 38 23 19 17
21 30 29 33 34 28
22 9 28 27 23 19 18 0 5
23 26 38 20 19 22 27
24 29 25 9 28
25 24 9 8
26 38 31 27 23
27 26 31 36 35 28 23 22
28 27 35 34 21 29 24 9 22
29 30 21 28 24
30 29 21
31 38 32 36 27 26
32 37 31 36 35
33 34 21
34 35 28 33 21
35 36 27 34 28
36 35 32 31 27
37 39 32
38 20 23 26 31
39 37